10   20
20   40
20   40
40   80
20   40
40   80
40   80
80   160
20   40
40   80
40   80
80   160
40   80
80   160
80   160
160   320
20   40
40   80
40   80
80   160
40   80
80   160
80   160
160   320
40   80
80   160
80   160
160   320
80   160
160   320
160   320
320   640
20   40
40   80
40   80
80   160
40   80
80   160
80   160
160   320
40   80
80   160
80   160
160   320
80   160
160   320
160   320
320   640
40   80
80   160
80   160
160   320
80   160
160   320
160   320
320   640
80   160
160   320
160   320
320   640
160   320
320   640
320   640
640   1280
20   40
40   80
40   80
80   160
40   80
80   160
80   160
160   320
40   80
80   160
80   160
160   320
80   160
160   320
160   320
320   640
40   80
80   160
80   160
160   320
80   160
160   320
160   320
320   640
80   160
160   320
160   320
320   640
160   320
320   640
320   640
640   1280
40   80
80   160
80   160
160   320
80   160
160   320
160   320
320   640
80   160
160   320
160   320
320   640
160   320
320   640
320   640
640   1280
80   160
160   320
160   320
320   640
160   320
320   640
320   640
640   1280
160   320
320   640
320   640
640   1280
320   640
640   1280
640   1280
1280   2560
30   60
60   120
60   120
120   240
60   120
120   240
120   240
240   480
60   120
120   240
120   240
240   480
120   240
240   480
240   480
480   960
60   120
120   240
120   240
240   480
120   240
240   480
240   480
480   960
120   240
240   480
240   480
480   960
240   480
480   960
480   960
960   1920
60   120
120   240
120   240
240   480
120   240
240   480
240   480
480   960
120   240
240   480
240   480
480   960
240   480
480   960
480   960
960   1920
120   240
240   480
240   480
480   960
240   480
480   960
480   960
960   1920
240   480
480   960
480   960
960   1920
480   960
960   1920
960   1920
1920   3840
